#include <unistd.h>

using ll = long long;
inline char readchar() {
    constexpr int B = 1<<10;
    static char buf[B], *p, *q;
    if(p == q && (q=(p=buf)+read(0, buf, B)) == buf) return -1;
    return *p++;
}
inline int nextint() {
    int x = 0, c = readchar();
    while(c < '0') c = readchar();
    while(c >= '0') x=x*10+(c^'0'), c=readchar();
    return x;
}
inline void writeint(ll x) {
    static char stk[20], buf[20];
    char p = 0, q = 0;
    if(!x) stk[p++] = '0';
    while(x) stk[p++] = x%10^'0', x/=10;
    while(p) buf[q++] = stk[--p];
    buf[q++] = '\n';
    write(1, buf, q);
}


ll ans[14][14] = {
    {},
{0, 0, 1, 0, 1, 0, 1, 0, 1, 0, 1, 0, 1, 0},
{0, 1, 2, 3, 5, 8, 13, 21, 34, 55, 89, 144, 233, 377},
{0, 0, 3, 0, 11, 0, 41, 0, 153, 0, 571, 0, 2131, 0},
{0, 1, 5, 11, 36, 95, 281, 781, 2245, 6336, 18061, 51205, 145601, 413351},
{0, 0, 8, 0, 95, 0, 1183, 0, 14824, 0, 185921, 0, 2332097, 0},
{0, 1, 13, 41, 281, 1183, 6728, 31529, 167089, 817991, 4213133, 21001799, 106912793, 536948224},
{0, 0, 21, 0, 781, 0, 31529, 0, 1292697, 0, 53175517, 0, 2188978117, 0},
{0, 1, 34, 153, 2245, 14824, 167089, 1292697, 12988816, 108435745, 1031151241, 8940739824, 82741005829, 731164253833},
{0, 0, 55, 0, 6336, 0, 817991, 0, 108435745, 0, 14479521761, 0, 1937528668711, 0},
{0, 1, 89, 571, 18061, 185921, 4213133, 53175517, 1031151241, 14479521761, 258584046368, 3852472573499, 65743732590821, 1012747193318519},
{0, 0, 144, 0, 51205, 0, 21001799, 0, 8940739824, 0, 3852472573499, 0, 1666961188795475, 0},
{0, 1, 233, 2131, 145601, 2332097, 106912793, 2188978117, 82741005829, 1937528668711, 65743732590821, 1666961188795475, 53060477521960000, 1412218550274852671},
{0, 0, 377, 0, 413351, 0, 536948224, 0, 731164253833, 0, 1012747193318519, 0, 1412218550274852671, 0},
};
signed main() {
    int n, m;
    while(n = nextint(), m = nextint(), n && m)
        writeint(ans[n][m]);
}
